Commodity,Time,Total Exports Value ($US),Customs Import Value (Gen) ($US),Balance ($US)
All Commodities,2002,22127790292,125192465050,-103064674758
All Commodities,2003,28367942859,152436096898,-124068154039
All Commodities,2004,34427772456,196682033935,-162254261479
All Commodities,2005,41192010123,243470104795,-202278094672
All Commodities,2006,53673008343,287774352612,-234101344269
All Commodities,2007,62936891576,321442866934,-258505975358
All Commodities,2008,69732837543,337772627823,-268039790280
All Commodities,2009,69496678611,296373883488,-226877204877
All Commodities,2010,91911080944,364952633595,-273041552651
All Commodities,2011,104121523635,399371232631,-295249708996
All Commodities,2012,110516615672,425619082637,-315102466965
All Commodities,2013,121746188637,440430019592,-318683830955
All Commodities,2014,123657203406,468474894856,-344817691450
All Commodities,2015,115873365314,483201655364,-367328290050
All Commodities,2016,115594784477,462419991603,-346825207126
All Commodities,2017,129997227243,505165098057,-375167870814
All Commodities,2018,120289287877,539243139431,-418953851554
All Commodities,2019,106447251090,451651438113,-345204187023
Agricultural Products,2002,1237765162,146556924,1091208238
Agricultural Products,2003,3762850737,168877508,3593973229
Agricultural Products,2004,4363594779,221275972,4142318807
Agricultural Products,2005,3896941173,260148722,3636792451
Agricultural Products,2006,4854623014,302799687,4551823327
Agricultural Products,2007,5805640782,361677850,5443962932
Agricultural Products,2008,9185740423,397203608,8788536815
Agricultural Products,2009,10575818221,384699081,10191119140
Agricultural Products,2010,13819065333,467682614,13351382719
Agricultural Products,2011,14700550316,485045854,14215504462
Agricultural Products,2012,20715384915,634860522,20080524393
Agricultural Products,2013,18901908335,673272205,18228636130
Agricultural Products,2014,18291448862,629278961,17662169901
Agricultural Products,2015,14865008612,668628648,14196379964
Agricultural Products,2016,17252704963,650405928,16602299035
Agricultural Products,2017,15779473897,599390234,15180083663
Agricultural Products,2018,5852561540,613583252,5238978288
Agricultural Products,2019,10281835068,457465599,9824369469
Livestock & Livestock Products,2002,19851464,22666301,-2814837
Livestock & Livestock Products,2003,38050055,47178903,-9128848
Livestock & Livestock Products,2004,45803584,47145573,-1341989
Livestock & Livestock Products,2005,66672334,49444216,17228118
Livestock & Livestock Products,2006,69860001,58370057,11489944
Livestock & Livestock Products,2007,73327003,48775441,24551562
Livestock & Livestock Products,2008,169685182,52317131,117368051
Livestock & Livestock Products,2009,146341318,32614497,113726821
Livestock & Livestock Products,2010,207760516,37151146,170609370
Livestock & Livestock Products,2011,216658762,38643272,178015490
Livestock & Livestock Products,2012,229485016,24871079,204613937
Livestock & Livestock Products,2013,292649576,28734742,263914834
Livestock & Livestock Products,2014,148296799,43449433,104847366
Livestock & Livestock Products,2015,198527996,29802828,168725168
Livestock & Livestock Products,2016,136130154,47408448,88721706
Livestock & Livestock Products,2017,109173629,37357957,71815672
Livestock & Livestock Products,2018,52924779,47253731,5671048
Livestock & Livestock Products,2019,52716307,37886914,14829393
"Forestry Products, Nesoi",2002,77994934,50982205,27012729
"Forestry Products, Nesoi",2003,116424339,58493558,57930781
"Forestry Products, Nesoi",2004,131472080,66725962,64746118
"Forestry Products, Nesoi",2005,174600818,75995456,98605362
"Forestry Products, Nesoi",2006,193957671,91559777,102397894
"Forestry Products, Nesoi",2007,252058715,103018999,149039716
"Forestry Products, Nesoi",2008,239498035,104435550,135062485
"Forestry Products, Nesoi",2009,261209411,103775496,157433915
"Forestry Products, Nesoi",2010,673917814,121284479,552633335
"Forestry Products, Nesoi",2011,1113118896,158327880,954791016
"Forestry Products, Nesoi",2012,834404721,168195339,666209382
"Forestry Products, Nesoi",2013,1189066848,204413320,984653528
"Forestry Products, Nesoi",2014,1269852778,175423514,1094429264
"Forestry Products, Nesoi",2015,895631590,236511469,659120121
"Forestry Products, Nesoi",2016,1054775005,245676547,809098458
"Forestry Products, Nesoi",2017,1316076147,233191847,1082884300
"Forestry Products, Nesoi",2018,1294665904,255306664,1039359240
"Forestry Products, Nesoi",2019,723973157,260008275,463964882
Marine Products,2002,146224522,771311115,-625086593
Marine Products,2003,208814986,1014042224,-805227238
Marine Products,2004,296190734,1067570265,-771379531
Marine Products,2005,388531589,1238640521,-850108932
Marine Products,2006,468507433,1694960993,-1226453560
Marine Products,2007,563651897,1737342774,-1173690877
Marine Products,2008,577200292,1864345163,-1287144871
Marine Products,2009,614465055,1733967837,-1119502782
Marine Products,2010,780420490,1996032741,-1215612251
Marine Products,2011,1196907012,2223116603,-1026209591
Marine Products,2012,1205414845,2120516296,-915101451
Marine Products,2013,1179078348,2138704724,-959626376
Marine Products,2014,1247076392,2309935067,-1062858675
Marine Products,2015,1100961785,2059599015,-958637230
Marine Products,2016,1055306693,2001830033,-946523340
Marine Products,2017,1321466780,2161196208,-839729428
Marine Products,2018,1145587583,2258850760,-1113263177
Marine Products,2019,918724107,1560060039,-641335932
Oil & Gas,2002,1112604,181949601,-180836997
Oil & Gas,2003,38068724,110633940,-72565216
Oil & Gas,2004,76004263,193734383,-117730120
Oil & Gas,2005,41734286,447112673,-405378387
Oil & Gas,2006,11826179,473942226,-462116047
Oil & Gas,2007,120309,142245577,-142125268
Oil & Gas,2008,2188557,500230164,-498041607
Oil & Gas,2009,28865480,111028359,-82162879
Oil & Gas,2010,24392272,127302537,-102910265
Oil & Gas,2011,68553757,62058807,6494950
Oil & Gas,2012,79793987,81224872,-1430885
Oil & Gas,2013,174136849,52071563,122065286
Oil & Gas,2014,360197551,549822,359647729
Oil & Gas,2015,977853458,1099951,976753507
Oil & Gas,2016,1425273584,1084089,1424189495
Oil & Gas,2017,6730487379,1397256,6729090123
Oil & Gas,2018,7059955758,1540788,7058414970
Oil & Gas,2019,3118996145,810012,3118186133
Minerals & Ores,2002,71413589,127891037,-56477448
Minerals & Ores,2003,119251002,141639287,-22388285
Minerals & Ores,2004,231090683,185775802,45314881
Minerals & Ores,2005,495514423,236698494,258815929
Minerals & Ores,2006,512301423,274396636,237904787
Minerals & Ores,2007,955275282,270679338,684595944
Minerals & Ores,2008,854770138,315952393,538817745
Minerals & Ores,2009,914582130,142352716,772229414
Minerals & Ores,2010,2057182543,187695744,1869486799
Minerals & Ores,2011,2653965196,233441288,2420523908
Minerals & Ores,2012,3069041033,272787236,2796253797
Minerals & Ores,2013,2543977015,207214636,2336762379
Minerals & Ores,2014,1826840637,243263333,1583577304
Minerals & Ores,2015,1186894284,248560717,938333567
Minerals & Ores,2016,1270323475,181337687,1088985788
Minerals & Ores,2017,1757647918,231910011,1525737907
Minerals & Ores,2018,1365923775,225144318,1140779457
Minerals & Ores,2019,575754326,186336904,389417422
Food & Kindred Products,2002,801596711,747465565,54131146
Food & Kindred Products,2003,1125497214,1014113792,111383422
Food & Kindred Products,2004,1088312109,1275743064,-187430955
Food & Kindred Products,2005,1207947676,1526217604,-318269928
Food & Kindred Products,2006,1704155560,1889506028,-185350468
Food & Kindred Products,2007,2317053318,2490292046,-173238728
Food & Kindred Products,2008,2632544180,3001001512,-368457332
Food & Kindred Products,2009,2133077348,2482868782,-349791434
Food & Kindred Products,2010,2842813679,2854057353,-11243674
Food & Kindred Products,2011,3411252353,3403813091,7439262
Food & Kindred Products,2012,4060362404,3844225404,216137000
Food & Kindred Products,2013,4638152533,3671715298,966437235
Food & Kindred Products,2014,4268200382,3580140938,688059444
Food & Kindred Products,2015,3300914382,3545680563,-244766181
Food & Kindred Products,2016,3304571410,3567502597,-262931187
Food & Kindred Products,2017,3302373264,3777943939,-475570675
Food & Kindred Products,2018,2957629192,4222136225,-1264507033
Food & Kindred Products,2019,3237470165,2903271406,334198759
Beverages & Tobacco Products,2002,5742066,39293077,-33551011
Beverages & Tobacco Products,2003,7404016,29271169,-21867153
Beverages & Tobacco Products,2004,12748457,37828953,-25080496
Beverages & Tobacco Products,2005,13613611,26899344,-13285733
Beverages & Tobacco Products,2006,20331653,33807105,-13475452
Beverages & Tobacco Products,2007,27750958,38707085,-10956127
Beverages & Tobacco Products,2008,37556044,36707999,848045
Beverages & Tobacco Products,2009,147754306,33375901,114378405
Beverages & Tobacco Products,2010,557809122,36341913,521467209
Beverages & Tobacco Products,2011,412770017,41234165,371535852
Beverages & Tobacco Products,2012,706566749,66426332,640140417
Beverages & Tobacco Products,2013,1490775650,64087940,1426687710
Beverages & Tobacco Products,2014,1353448090,69204761,1284243329
Beverages & Tobacco Products,2015,1724252319,70006406,1654245913
Beverages & Tobacco Products,2016,585850640,82747352,503103288
Beverages & Tobacco Products,2017,172563980,99311526,73252454
Beverages & Tobacco Products,2018,138248957,121736136,16512821
Beverages & Tobacco Products,2019,127505953,96600515,30905438
Textiles & Fabrics,2002,130556922,465820534,-335263612
Textiles & Fabrics,2003,161903224,543706486,-381803262
Textiles & Fabrics,2004,204081030,675402565,-471321535
Textiles & Fabrics,2005,263351726,977359903,-714008177
Textiles & Fabrics,2006,347990372,1121349200,-773358828
Textiles & Fabrics,2007,367822410,1220501350,-852678940
Textiles & Fabrics,2008,389744269,1313092527,-923348258
Textiles & Fabrics,2009,308393224,1042310356,-733917132
Textiles & Fabrics,2010,408649657,1383933648,-975283991
Textiles & Fabrics,2011,469501388,1712258045,-1242756657
Textiles & Fabrics,2012,489269649,1952045053,-1462775404
Textiles & Fabrics,2013,563366081,2127121111,-1563755030
Textiles & Fabrics,2014,462982176,2237522940,-1774540764
Textiles & Fabrics,2015,430361540,2421061715,-1990700175
Textiles & Fabrics,2016,414923462,2293368791,-1878445329
Textiles & Fabrics,2017,428103058,2273617811,-1845514753
Textiles & Fabrics,2018,378173575,2553513626,-2175340051
Textiles & Fabrics,2019,303722184,1800807904,-1497085720
Textile Mill Products,2002,13481078,2446556598,-2433075520
Textile Mill Products,2003,21317697,3341163739,-3319846042
Textile Mill Products,2004,22151060,4421508801,-4399357741
Textile Mill Products,2005,30496605,5696991243,-5666494638
Textile Mill Products,2006,45886253,6584192636,-6538306383
Textile Mill Products,2007,54633460,7346077177,-7291443717
Textile Mill Products,2008,63910127,7321396621,-7257486494
Textile Mill Products,2009,45793468,6618936133,-6573142665
Textile Mill Products,2010,52503872,8231357926,-8178854054
Textile Mill Products,2011,61967816,8797533954,-8735566138
Textile Mill Products,2012,59215083,9703365198,-9644150115
Textile Mill Products,2013,58905880,10204280394,-10145374514
Textile Mill Products,2014,59688020,10547236149,-10487548129
Textile Mill Products,2015,61383262,11329562333,-11268179071
Textile Mill Products,2016,66885489,11124405555,-11057520066
Textile Mill Products,2017,72960960,11679701092,-11606740132
Textile Mill Products,2018,74782904,12692903860,-12618120956
Textile Mill Products,2019,75764175,12674817330,-12599053155
Apparel & Accessories,2002,23355739,9274985213,-9251629474
Apparel & Accessories,2003,16300022,11040137232,-11023837210
Apparel & Accessories,2004,27999618,13145284089,-13117284471
Apparel & Accessories,2005,39475180,19343172469,-19303697289
Apparel & Accessories,2006,24879094,22417814801,-22392935707
Apparel & Accessories,2007,32331210,26357426018,-26325094808
Apparel & Accessories,2008,37227100,26169884813,-26132657713
Apparel & Accessories,2009,31458727,26167913323,-26136454596
Apparel & Accessories,2010,29212141,30969292493,-30940080352
Apparel & Accessories,2011,40397018,32469594152,-32429197134
Apparel & Accessories,2012,53621486,31926266821,-31872645335
Apparel & Accessories,2013,53898984,32716725191,-32662826207
Apparel & Accessories,2014,65179243,32795754531,-32730575288
Apparel & Accessories,2015,77930863,33444835202,-33366904339
Apparel & Accessories,2016,73431505,30317531075,-30244099570
Apparel & Accessories,2017,94282552,29336250371,-29241967819
Apparel & Accessories,2018,144508223,29837299131,-29692790908
Apparel & Accessories,2019,135543843,26956691524,-26821147681
Leather & Allied Products,2002,90442035,13059374366,-12968932331
Leather & Allied Products,2003,116696732,13995447854,-13878751122
Leather & Allied Products,2004,142637646,15541813894,-15399176248
Leather & Allied Products,2005,142133350,17501449551,-17359316201
Leather & Allied Products,2006,196022372,19226104997,-19030082625
Leather & Allied Products,2007,239784079,19992620960,-19752836881
Leather & Allied Products,2008,211211793,20605516139,-20394304346
Leather & Allied Products,2009,215307748,18372343345,-18157035597
Leather & Allied Products,2010,296947752,22332482936,-22035535184
Leather & Allied Products,2011,337288531,23782316389,-23445027858
Leather & Allied Products,2012,336959597,23906055154,-23569095557
Leather & Allied Products,2013,376952347,24006610844,-23629658497
Leather & Allied Products,2014,481938918,24013918824,-23531979906
Leather & Allied Products,2015,442421429,24166758215,-23724336786
Leather & Allied Products,2016,422454434,20855468420,-20433013986
Leather & Allied Products,2017,419847036,20198524354,-19778677318
Leather & Allied Products,2018,454257924,19985611660,-19531353736
Leather & Allied Products,2019,466939583,17391064882,-16924125299
Wood Products,2002,163342727,1096179376,-932836649
Wood Products,2003,196559064,1284590420,-1088031356
Wood Products,2004,267116350,1822812791,-1555696441
Wood Products,2005,315887745,2315224142,-1999336397
Wood Products,2006,385002630,2994254397,-2609251767
Wood Products,2007,353665095,3077793728,-2724128633
Wood Products,2008,303674289,2840781201,-2537106912
Wood Products,2009,315234954,2249059455,-1933824501
Wood Products,2010,525530350,2686348136,-2160817786
Wood Products,2011,848817858,2806256061,-1957438203
Wood Products,2012,839873762,3183063699,-2343189937
Wood Products,2013,1198060777,3322033687,-2123972910
Wood Products,2014,1428713628,3711885998,-2283172370
Wood Products,2015,1208221424,4005332330,-2797110906
Wood Products,2016,1521322020,3960203102,-2438881082
Wood Products,2017,1898489610,3979150530,-2080660920
Wood Products,2018,1586855692,4105439981,-2518584289
Wood Products,2019,870459135,2821416882,-1950957747
Paper,2002,641191855,881389141,-240197286
Paper,2003,656163506,1154120772,-497957266
Paper,2004,814525836,1360745144,-546219308
Paper,2005,870578535,1733647152,-863068617
Paper,2006,979597958,2276892992,-1297295034
Paper,2007,1283346534,2591733634,-1308387100
Paper,2008,1368016337,2811290982,-1443274645
Paper,2009,1630908228,2456520188,-825611960
Paper,2010,2110879978,2735888878,-625008900
Paper,2011,2756364867,2941474399,-185109532
Paper,2012,2560552772,2532492006,28060766
Paper,2013,2558720620,2597065479,-38344859
Paper,2014,2444002757,2819261780,-375259023
Paper,2015,2444569605,2987406168,-542836563
Paper,2016,2373301717,3074205433,-700903716
Paper,2017,2664890800,3273947936,-609057136
Paper,2018,2687219603,3689254052,-1002034449
Paper,2019,2343232186,3039545803,-696313617
"Printed Matter And Related Products, Nesoi",2002,74364444,924092833,-849728389
"Printed Matter And Related Products, Nesoi",2003,90107432,1122125106,-1032017674
"Printed Matter And Related Products, Nesoi",2004,71876387,1417491802,-1345615415
"Printed Matter And Related Products, Nesoi",2005,81313761,1690904607,-1609590846
"Printed Matter And Related Products, Nesoi",2006,92835727,1867504718,-1774668991
"Printed Matter And Related Products, Nesoi",2007,111735422,2180560014,-2068824592
"Printed Matter And Related Products, Nesoi",2008,159057483,2294126672,-2135069189
"Printed Matter And Related Products, Nesoi",2009,119574254,2001839151,-1882264897
"Printed Matter And Related Products, Nesoi",2010,164084307,2277871381,-2113787074
"Printed Matter And Related Products, Nesoi",2011,168820175,2268320808,-2099500633
"Printed Matter And Related Products, Nesoi",2012,180463294,2445152019,-2264688725
"Printed Matter And Related Products, Nesoi",2013,175613637,2478889225,-2303275588
"Printed Matter And Related Products, Nesoi",2014,216783355,2474962405,-2258179050
"Printed Matter And Related Products, Nesoi",2015,228142836,2663919150,-2435776314
"Printed Matter And Related Products, Nesoi",2016,199381099,2709470509,-2510089410
"Printed Matter And Related Products, Nesoi",2017,177164214,2819696287,-2642532073
"Printed Matter And Related Products, Nesoi",2018,175848238,3004513322,-2828665084
"Printed Matter And Related Products, Nesoi",2019,158097559,3044158756,-2886061197
Petroleum & Coal Products,2002,98544151,136635031,-38090880
Petroleum & Coal Products,2003,108117752,239998450,-131880698
Petroleum & Coal Products,2004,136125820,178636053,-42510233
Petroleum & Coal Products,2005,129567020,166791942,-37224922
Petroleum & Coal Products,2006,187235125,280947918,-93712793
Petroleum & Coal Products,2007,295782555,269329813,26452742
Petroleum & Coal Products,2008,418849733,316493468,102356265
Petroleum & Coal Products,2009,397888938,210635254,187253684
Petroleum & Coal Products,2010,650108719,273441337,376667382
Petroleum & Coal Products,2011,1048155575,209653316,838502259
Petroleum & Coal Products,2012,1101982577,202885822,899096755
Petroleum & Coal Products,2013,1464644550,305531238,1159113312
Petroleum & Coal Products,2014,1007917480,429442940,578474540
Petroleum & Coal Products,2015,1027767924,488395327,539372597
Petroleum & Coal Products,2016,834710149,622011743,212698406
Petroleum & Coal Products,2017,1220737983,647084870,573653113
Petroleum & Coal Products,2018,1069043943,719765378,349278565
Petroleum & Coal Products,2019,491008928,283003357,208005571
Chemicals,2002,2979866511,2104514646,875351865
Chemicals,2003,3699058470,2663982581,1035075889
Chemicals,2004,4724561465,3412746858,1311814607
Chemicals,2005,5530390398,4706041418,824348980
Chemicals,2006,6064700460,5430752473,633947987
Chemicals,2007,7875490908,6301399757,1574091151
Chemicals,2008,8720615020,12195005359,-3474390339
Chemicals,2009,9712981328,9820517565,-107536237
Chemicals,2010,11803487864,12504101936,-700614072
Chemicals,2011,13590655876,15755170924,-2164515048
Chemicals,2012,12939112574,15753883683,-2814771109
Chemicals,2013,13911024604,16385002889,-2473978285
Chemicals,2014,13795577231,17754150228,-3958572997
Chemicals,2015,13315795029,17114309496,-3798514467
Chemicals,2016,13412273642,16072047007,-2659773365
Chemicals,2017,15149339401,18162248339,-3012908938
Chemicals,2018,16088777444,21365226936,-5276449492
Chemicals,2019,16002049877,16381250653,-379200776
Plastics & Rubber Products,2002,228954335,3399563514,-3170609179
Plastics & Rubber Products,2003,294511488,3972376403,-3677864915
Plastics & Rubber Products,2004,416216366,5035919084,-4619702718
Plastics & Rubber Products,2005,462583675,6638231729,-6175648054
Plastics & Rubber Products,2006,545884667,7892224752,-7346340085
Plastics & Rubber Products,2007,664467692,9299506860,-8635039168
Plastics & Rubber Products,2008,783065880,10053403183,-9270337303
Plastics & Rubber Products,2009,732363611,8892716653,-8160353042
Plastics & Rubber Products,2010,1025001650,10462609393,-9437607743
Plastics & Rubber Products,2011,1225352903,11984312422,-10758959519
Plastics & Rubber Products,2012,1132356627,14706961376,-13574604749
Plastics & Rubber Products,2013,1210004349,15918373818,-14708369469
Plastics & Rubber Products,2014,1257435727,16964642094,-15707206367
Plastics & Rubber Products,2015,1343809356,16398311107,-15054501751
Plastics & Rubber Products,2016,1407533191,15817755174,-14410221983
Plastics & Rubber Products,2017,1658233666,17164080937,-15505847271
Plastics & Rubber Products,2018,1642482399,20219360270,-18576877871
Plastics & Rubber Products,2019,1514811529,18406308392,-16891496863
Nonmetallic Mineral Products,2002,149181153,2831314945,-2682133792
Nonmetallic Mineral Products,2003,175468083,3018962308,-2843494225
Nonmetallic Mineral Products,2004,236053635,3419685148,-3183631513
Nonmetallic Mineral Products,2005,240590728,4106825890,-3866235162
Nonmetallic Mineral Products,2006,325508868,4969168638,-4643659770
Nonmetallic Mineral Products,2007,440451916,5113812370,-4673360454
Nonmetallic Mineral Products,2008,509659518,5089222964,-4579563446
Nonmetallic Mineral Products,2009,516803595,3905649843,-3388846248
Nonmetallic Mineral Products,2010,577273783,5147565796,-4570292013
Nonmetallic Mineral Products,2011,617577031,5914627539,-5297050508
Nonmetallic Mineral Products,2012,605266593,5986733365,-5381466772
Nonmetallic Mineral Products,2013,648292293,6134595906,-5486303613
Nonmetallic Mineral Products,2014,707310925,6802807501,-6095496576
Nonmetallic Mineral Products,2015,686012791,7255715062,-6569702271
Nonmetallic Mineral Products,2016,745969520,7202459129,-6456489609
Nonmetallic Mineral Products,2017,920327095,7891461154,-6971134059
Nonmetallic Mineral Products,2018,945972507,9170444322,-8224471815
Nonmetallic Mineral Products,2019,820815724,7070687277,-6249871553
Primary Metal Mfg,2002,252095392,856024852,-603929460
Primary Metal Mfg,2003,800993772,986766794,-185773022
Primary Metal Mfg,2004,805757459,3039286161,-2233528702
Primary Metal Mfg,2005,1648008890,4002478663,-2354469773
Primary Metal Mfg,2006,2252976059,6628331838,-4375355779
Primary Metal Mfg,2007,2289376663,7160519860,-4871143197
Primary Metal Mfg,2008,3034818968,10634826443,-7600007475
Primary Metal Mfg,2009,2512488205,3843342006,-1330853801
Primary Metal Mfg,2010,3094951493,3571687989,-476736496
Primary Metal Mfg,2011,2850179074,4241921525,-1391742451
Primary Metal Mfg,2012,3120466427,4582771744,-1462305317
Primary Metal Mfg,2013,2991859924,4616239768,-1624379844
Primary Metal Mfg,2014,3123529363,6210242248,-3086712885
Primary Metal Mfg,2015,1801257599,5593136804,-3791879205
Primary Metal Mfg,2016,1788066876,3871116965,-2083050089
Primary Metal Mfg,2017,2263214321,4445579193,-2182364872
Primary Metal Mfg,2018,3090876781,4044408835,-953532054
Primary Metal Mfg,2019,2019644154,2901517764,-881873610
"Fabricated Metal Products, Nesoi",2002,375210344,4893423278,-4518212934
"Fabricated Metal Products, Nesoi",2003,509352083,5839120881,-5329768798
"Fabricated Metal Products, Nesoi",2004,664810557,7572376370,-6907565813
"Fabricated Metal Products, Nesoi",2005,855224892,9483488674,-8628263782
"Fabricated Metal Products, Nesoi",2006,983481956,11844714136,-10861232180
"Fabricated Metal Products, Nesoi",2007,1089743803,13394976190,-12305232387
"Fabricated Metal Products, Nesoi",2008,1356941444,14897307206,-13540365762
"Fabricated Metal Products, Nesoi",2009,1273800041,11428121952,-10154321911
"Fabricated Metal Products, Nesoi",2010,1559534172,14142893671,-12583359499
"Fabricated Metal Products, Nesoi",2011,1831000311,16620611127,-14789610816
"Fabricated Metal Products, Nesoi",2012,1871582120,18264648245,-16393066125
"Fabricated Metal Products, Nesoi",2013,2258003403,18579056587,-16321053184
"Fabricated Metal Products, Nesoi",2014,2273988259,20174949679,-17900961420
"Fabricated Metal Products, Nesoi",2015,2323180499,21226267162,-18903086663
"Fabricated Metal Products, Nesoi",2016,2359699250,21055454079,-18695754829
"Fabricated Metal Products, Nesoi",2017,2364579529,22665734536,-20301155007
"Fabricated Metal Products, Nesoi",2018,2424460411,26377073605,-23952613194
"Fabricated Metal Products, Nesoi",2019,2183311442,22987362952,-20804051510
"Machinery, Except Electrical",2002,2882098687,5577036997,-2694938310
"Machinery, Except Electrical",2003,3183136487,8335394171,-5152257684
"Machinery, Except Electrical",2004,4993776120,11195649110,-6201872990
"Machinery, Except Electrical",2005,4811978538,14783868763,-9971890225
"Machinery, Except Electrical",2006,5775723949,17232626417,-11456902468
"Machinery, Except Electrical",2007,7075004864,17576309231,-10501304367
"Machinery, Except Electrical",2008,7519293893,16724385119,-9205091226
"Machinery, Except Electrical",2009,6455665320,13957377927,-7501712607
"Machinery, Except Electrical",2010,9301497919,16992640697,-7691142778
"Machinery, Except Electrical",2011,10737457999,20577119197,-9839661198
"Machinery, Except Electrical",2012,9426133863,25756954734,-16330820871
"Machinery, Except Electrical",2013,9507484756,26403762291,-16896277535
"Machinery, Except Electrical",2014,9685764129,29602321757,-19916557628
"Machinery, Except Electrical",2015,9187335967,30617775154,-21430439187
"Machinery, Except Electrical",2016,8289321636,30438556984,-22149235348
"Machinery, Except Electrical",2017,9386981923,35047936390,-25660954467
"Machinery, Except Electrical",2018,11085730765,38707843018,-27622112253
"Machinery, Except Electrical",2019,10438461476,32876130232,-22437668756
Computer & Electronics,2002,5318628579,33323176171,-28004547592
Computer & Electronics,2003,6508282571,43868928884,-37360646313
Computer & Electronics,2004,7774517483,64047392288,-56272874805
Computer & Electronics,2005,8848758788,79705048298,-70856289510
Computer & Electronics,2006,12574137579,95821437465,-83247299886
Computer & Electronics,2007,13266484169,106695427953,-93428943784
Computer & Electronics,2008,13871106323,107981658422,-94110552099
Computer & Electronics,2009,12530180828,103355689690,-90825508862
Computer & Electronics,2010,15235339338,132770423192,-117535083854
Computer & Electronics,2011,13789797050,145822311417,-132032514367
Computer & Electronics,2012,13921978742,154399373963,-140477395221
Computer & Electronics,2013,16025640000,159054197532,-143028557532
Computer & Electronics,2014,16356274051,168279759528,-151923485477
Computer & Electronics,2015,17397476020,170550821459,-153153345439
Computer & Electronics,2016,17107615011,161233197278,-144125582267
Computer & Electronics,2017,17300211854,184053951540,-166753739686
Computer & Electronics,2018,18151340572,185926844920,-167775504348
Computer & Electronics,2019,18935854313,146320696063,-127384841750
"Electrical Equipment, Appliances & Components",2002,545451049,10547514412,-10002063363
"Electrical Equipment, Appliances & Components",2003,551916842,11904497607,-11352580765
"Electrical Equipment, Appliances & Components",2004,837469408,14827807070,-13990337662
"Electrical Equipment, Appliances & Components",2005,998544557,17345430827,-16346886270
"Electrical Equipment, Appliances & Components",2006,1326529339,20300795771,-18974266432
"Electrical Equipment, Appliances & Components",2007,1399536140,22229263460,-20829727320
"Electrical Equipment, Appliances & Components",2008,1794160884,23336068946,-21541908062
"Electrical Equipment, Appliances & Components",2009,1342367406,20145229969,-18802862563
"Electrical Equipment, Appliances & Components",2010,1646249388,26063479147,-24417229759
"Electrical Equipment, Appliances & Components",2011,1933257357,28847947545,-26914690188
"Electrical Equipment, Appliances & Components",2012,2479442772,33309529684,-30830086912
"Electrical Equipment, Appliances & Components",2013,2746613383,36624980895,-33878367512
"Electrical Equipment, Appliances & Components",2014,3055043320,38949085484,-35894042164
"Electrical Equipment, Appliances & Components",2015,3008350433,41704343379,-38695992946
"Electrical Equipment, Appliances & Components",2016,2946679395,40538944147,-37592264752
"Electrical Equipment, Appliances & Components",2017,3271592772,43998681749,-40727088977
"Electrical Equipment, Appliances & Components",2018,3397185225,50102329691,-46705144466
"Electrical Equipment, Appliances & Components",2019,3106807736,42653383717,-39546575981
Transportation Equipment,2002,4025979134,2262344187,1763634947
Transportation Equipment,2003,3248843690,2901777602,347066088
Transportation Equipment,2004,2644526767,4137951923,-1493425156
Transportation Equipment,2005,4906914999,5221264879,-314349880
Transportation Equipment,2006,6403038787,6493118774,-90079987
Transportation Equipment,2007,7210646446,7768592331,-557945885
Transportation Equipment,2008,6075059476,7919956599,-1844897123
Transportation Equipment,2009,7491734982,6273122284,1218612698
Transportation Equipment,2010,10618418499,8870315445,1748103054
Transportation Equipment,2011,13170001478,10813489317,2356512161
Transportation Equipment,2012,15091408722,12293809072,2797599650
Transportation Equipment,2013,22561069176,13278726504,9282342672
Transportation Equipment,2014,26472063628,15583656079,10888407549
Transportation Equipment,2015,26037704452,17779858503,8257845949
Transportation Equipment,2016,25558544511,18018773024,7539771487
Transportation Equipment,2017,29193373855,19008809949,10184563906
Transportation Equipment,2018,27844267495,22056574820,5787692675
Transportation Equipment,2019,19738228239,18067507447,1670720792
Furniture & Fixtures,2002,20600954,6814496674,-6793895720
Furniture & Fixtures,2003,27769614,8510556302,-8482786688
Furniture & Fixtures,2004,33638905,10447604774,-10413965869
Furniture & Fixtures,2005,42617214,12552681215,-12510064001
Furniture & Fixtures,2006,76612749,14411565102,-14334952353
Furniture & Fixtures,2007,96622727,15245482935,-15148860208
Furniture & Fixtures,2008,101845837,14684589382,-14582743545
Furniture & Fixtures,2009,70385631,12416868154,-12346482523
Furniture & Fixtures,2010,116365981,15127499315,-15011133334
Furniture & Fixtures,2011,120119268,15222420944,-15102301676
Furniture & Fixtures,2012,151985877,16425546412,-16273560535
Furniture & Fixtures,2013,167318470,17451501803,-17284183333
Furniture & Fixtures,2014,216659873,18478137541,-18261477668
Furniture & Fixtures,2015,201197828,20435917013,-20234719185
Furniture & Fixtures,2016,176362585,21212971807,-21036609222
Furniture & Fixtures,2017,179348800,23569219996,-23389871196
Furniture & Fixtures,2018,200212722,25779932024,-25579719302
Furniture & Fixtures,2019,134657589,18951683193,-18817025604
Miscellaneous Manufactured Commodities,2002,213161699,20435348020,-20222186321
Miscellaneous Manufactured Commodities,2003,268513336,22930007959,-22661494623
Miscellaneous Manufactured Commodities,2004,378628536,25080803134,-24702174598
Miscellaneous Manufactured Commodities,2005,446972450,28160776154,-27713803704
Miscellaneous Manufactured Commodities,2006,516051944,31042530145,-30526478201
Miscellaneous Manufactured Commodities,2007,642598590,37224331026,-36581732436
Miscellaneous Manufactured Commodities,2008,754328482,38639073505,-37884745023
Miscellaneous Manufactured Commodities,2009,952035466,33409102029,-32457066563
Miscellaneous Manufactured Commodities,2010,1521799836,37505771995,-35983972159
Miscellaneous Manufactured Commodities,2011,2002346292,36390296121,-34387949829
Miscellaneous Manufactured Commodities,2012,2106983080,36173997407,-34067014327
Miscellaneous Manufactured Commodities,2013,2128276527,36160294378,-34032017851
Miscellaneous Manufactured Commodities,2014,2381045878,37703574099,-35322528221
Miscellaneous Manufactured Commodities,2015,2586850787,40117889130,-37531038343
Miscellaneous Manufactured Commodities,2016,2896219152,39392222852,-36496003700
Miscellaneous Manufactured Commodities,2017,3209351424,41264653480,-38055302056
Miscellaneous Manufactured Commodities,2018,3703285771,43889979011,-40186693240
Miscellaneous Manufactured Commodities,2019,4142953168,42818857782,-38675904614
"Newspapers, Books & Other Published Matter, Nesoi",2002,,,
"Newspapers, Books & Other Published Matter, Nesoi",2003,821333,4612079,-3790746
"Newspapers, Books & Other Published Matter, Nesoi",2004,32595270,3892807,28702463
"Newspapers, Books & Other Published Matter, Nesoi",2005,39921167,8047441,31873726
"Newspapers, Books & Other Published Matter, Nesoi",2006,61880262,10443958,51436304
"Newspapers, Books & Other Published Matter, Nesoi",2007,29181628,5505045,23676583
"Newspapers, Books & Other Published Matter, Nesoi",2008,24752291,1962918,22789373
"Newspapers, Books & Other Published Matter, Nesoi",2009,46777102,6376702,40400400
"Newspapers, Books & Other Published Matter, Nesoi",2010,59693697,3504827,56188870
"Newspapers, Books & Other Published Matter, Nesoi",2011,51172106,4177711,46994395
"Newspapers, Books & Other Published Matter, Nesoi",2012,,,
"Newspapers, Books & Other Published Matter, Nesoi",2013,,,
"Newspapers, Books & Other Published Matter, Nesoi",2014,,,
"Newspapers, Books & Other Published Matter, Nesoi",2015,,,
"Newspapers, Books & Other Published Matter, Nesoi",2016,,,
"Newspapers, Books & Other Published Matter, Nesoi",2017,,,
"Newspapers, Books & Other Published Matter, Nesoi",2018,,,
"Newspapers, Books & Other Published Matter, Nesoi",2019,,,
Published Printed Music And Music Manuscr,2002,,,
Published Printed Music And Music Manuscr,2003,,,
Published Printed Music And Music Manuscr,2004,,,
Published Printed Music And Music Manuscr,2005,,,
Published Printed Music And Music Manuscr,2006,,,
Published Printed Music And Music Manuscr,2007,,,
Published Printed Music And Music Manuscr,2008,,,
Published Printed Music And Music Manuscr,2009,,,
Published Printed Music And Music Manuscr,2010,,,
Published Printed Music And Music Manuscr,2011,,,
Published Printed Music And Music Manuscr,2012,,,
Published Printed Music And Music Manuscr,2013,,,
Published Printed Music And Music Manuscr,2014,,,
Published Printed Music And Music Manuscr,2015,,,
Published Printed Music And Music Manuscr,2016,,,
Published Printed Music And Music Manuscr,2017,,,
Published Printed Music And Music Manuscr,2018,,,
Published Printed Music And Music Manuscr,2019,,,
Waste And Scrap,2002,1211576310,27719943,1183856367
Waste And Scrap,2003,1942577805,27615405,1914962400
Waste And Scrap,2004,2513801574,39263159,2474538415
Waste And Scrap,2005,3691375170,53166452,3638208718
Waste And Scrap,2006,6047615135,133334958,5914280177
Waste And Scrap,2007,7330878620,70385487,7260493133
Waste And Scrap,2008,7513465837,92404654,7421061183
Waste And Scrap,2009,7176459255,79671074,7096788181
Waste And Scrap,2010,8602885525,104167146,8498718379
Waste And Scrap,2011,11555418042,119659424,11435758618
Waste And Scrap,2012,9525388016,153749077,9371638939
Waste And Scrap,2013,8762337896,128824736,8633513160
Waste And Scrap,2014,7118411102,137275625,6981135477
Waste And Scrap,2015,5977782673,107089621,5870693052
Waste And Scrap,2016,5181011049,97167326,5083843723
Waste And Scrap,2017,5643557498,137895584,5505661914
Waste And Scrap,2018,3438892889,140397699,3298495190
Waste And Scrap,2019,1724917340,168339514,1556577826
Used Or Second-hand Merchandise,2002,26848562,176975772,-150127210
Used Or Second-hand Merchandise,2003,9611316,173395752,-163784436
Used Or Second-hand Merchandise,2004,17347196,177393515,-160046319
Used Or Second-hand Merchandise,2005,14285605,283883930,-269598325
Used Or Second-hand Merchandise,2006,23844847,289016605,-265171758
Used Or Second-hand Merchandise,2007,34603318,386602824,-351999506
Used Or Second-hand Merchandise,2008,75909635,356491630,-280581995
Used Or Second-hand Merchandise,2009,49574298,184699935,-135125637
Used Or Second-hand Merchandise,2010,44404619,254000358,-209595739
Used Or Second-hand Merchandise,2011,73883299,303344946,-229461647
Used Or Second-hand Merchandise,2012,,,
Used Or Second-hand Merchandise,2013,,,
Used Or Second-hand Merchandise,2014,,,
Used Or Second-hand Merchandise,2015,,,
Used Or Second-hand Merchandise,2016,,,
Used Or Second-hand Merchandise,2017,,,
Used Or Second-hand Merchandise,2018,,,
Used Or Second-hand Merchandise,2019,,,
Used Or Second-hand Merchandise,2002,,,
Used Or Second-hand Merchandise,2003,,,
Used Or Second-hand Merchandise,2004,,,
Used Or Second-hand Merchandise,2005,,,
Used Or Second-hand Merchandise,2006,,,
Used Or Second-hand Merchandise,2007,,,
Used Or Second-hand Merchandise,2008,,,
Used Or Second-hand Merchandise,2009,,,
Used Or Second-hand Merchandise,2010,,,
Used Or Second-hand Merchandise,2011,,,
Used Or Second-hand Merchandise,2012,774937694,354096585,420841109
Used Or Second-hand Merchandise,2013,1002960243,342039473,660920770
Used Or Second-hand Merchandise,2014,1284525194,333492801,951032393
Used Or Second-hand Merchandise,2015,873451676,409457798,463993878
Used Or Second-hand Merchandise,2016,705234136,336503844,368730292
Used Or Second-hand Merchandise,2017,799675904,294435762,505240142
Used Or Second-hand Merchandise,2018,670395025,300476796,369918229
Used Or Second-hand Merchandise,2019,632709133,331457991,301251142
Goods Returned (exports For Canada Only),2002,,380171816,-380171816
Goods Returned (exports For Canada Only),2003,,473923646,-473923646
Goods Returned (exports For Canada Only),2004,,596261036,-596261036
Goods Returned (exports For Canada Only),2005,,692270024,-692270024
Goods Returned (exports For Canada Only),2006,,802367194,-802367194
Goods Returned (exports For Canada Only),2007,,966423311,-966423311
Goods Returned (exports For Canada Only),2008,,981563838,-981563838
Goods Returned (exports For Canada Only),2009,,1017948678,-1017948678
Goods Returned (exports For Canada Only),2010,,1126521678,-1126521678
Goods Returned (exports For Canada Only),2011,,1222880547,-1222880547
Goods Returned (exports For Canada Only),2012,,1634432681,-1634432681
Goods Returned (exports For Canada Only),2013,,1780456651,-1780456651
Goods Returned (exports For Canada Only),2014,,1972809887,-1972809887
Goods Returned (exports For Canada Only),2015,,2042575749,-2042575749
Goods Returned (exports For Canada Only),2016,,2046914087,-2046914087
Goods Returned (exports For Canada Only),2017,,2450587151,-2450587151
Goods Returned (exports For Canada Only),2018,,2722709117,-2722709117
Goods Returned (exports For Canada Only),2019,,3401332381,-3401332381
Other Special Classification Provisions,2002,301157580,1189690906,-888533326
Other Special Classification Provisions,2003,363559467,1518638084,-1155078617
Other Special Classification Provisions,2004,422341279,1988506385,-1566165106
Other Special Classification Provisions,2005,495483220,2439902399,-1944419179
Other Special Classification Provisions,2006,600009277,2883520218,-2283510941
Other Special Classification Provisions,2007,757825063,3775546490,-3017721427
Other Special Classification Provisions,2008,946940073,4239931712,-3292991639
Other Special Classification Provisions,2009,746388733,3493209153,-2746820420
Other Special Classification Provisions,2010,1502898635,3587285748,-2084387113
Other Special Classification Provisions,2011,1068216012,3897853841,-2829637829
Other Special Classification Provisions,2012,847180675,2758161757,-1910981082
Other Special Classification Provisions,2013,965395583,2773494764,-1808099181
Other Special Classification Provisions,2014,997007658,3446758909,-2449751251
Other Special Classification Provisions,2015,962316895,3481027890,-2518710995
Other Special Classification Provisions,2016,1028908724,3351250591,-2322341867
Other Special Classification Provisions,2017,1191699994,3660150068,-2468450074
Other Special Classification Provisions,2018,1167220281,4105685483,-2938465202
Other Special Classification Provisions,2019,1170286549,4800976653,-3630690104
